



2. bits 901 expo=11288947811336961011288367190003428
and fatcors are:
21630953647969556022051725129185234536072701560111869942582604560838403181835782991143134631935218844925915066990701018881152940421398974124801191704966045679787571175046539772595542049857878001441318144424794216602484852868125583711586698813115901875930890082593825398757
1682251
933967
769729
392737
317857
43973
5
5
3
3
3

1.bits 878
best expo: 11288367111336961011288947800000000493879
best remaining is:2208580579764622536893316687141897472413684702748552599865782781506450312325016546996678880059621158415250310916387018804083503682301433291429025543232511102001479168954115133302036074245978962891222217219095984728608381335033315319781157292816444585240282611708969
3
79
2111
4111
4903
5477
573329
2066321
2368603
4485737
