best so far:
best=[1,
 1,
 1,
 0,
 0,
 0,
 0,
 1,
 1,
 1,
 1,
 1,
 1,
 1,
 1,
 1,
 0,
 1,
 1,
 0,
 1,
 0,
 0,
 1,
 0,
 1,
 1,
 0,
 1,
 0,
 0,
 0,
 1,
 1,
 1,
 1,
 1,
 1,
 1,
 1,
 1,
 1,
 1,
 1,
 1,
 1,
 0,
 0,
 1,
 1,
 0,
 0,
 0,
 0,
 1,
 1,
 0,
 0,
 0,
 0,
 0,
 0,
 0,
 0,
 0,
 1,
 0,
 0,
 1,
 0,
 1,
 0,
 0,
 0,
 0,
 0,
 0,
 0,
 0,
 1,
 1,
 1,
 0,
 0,
 0,
 0,
 1,
 0,
 0,
 0,
 0,
 0,
 0,
 1,
 0,
 0,
 0,
 0,
 0,
 0]
 
sum3-target
8.956962566933582e+93

next best data diff is :6.0176111605584184e+88
and array is:
```
[1,
 1,
 1,
 1,
 1,
 0,
 1,
 0,
 1,
 1,
 1,
 1,
 0,
 1,
 1,
 0,
 0,
 1,
 0,
 0,
 1,
 1,
 1,
 1,
 0,
 0,
 1,
 1,
 1,
 0,
 1,
 1,
 0,
 1,
 1,
 1,
 1,
 0,
 1,
 1,
 0,
 1,
 0,
 1,
 1,
 1,
 1,
 1,
 1,
 1,
 0,
 0,
 0,
 1,
 0,
 0,
 0,
 0,
 0,
 0,
 0,
 1,
 1,
 0,
 0,
 1,
 1,
 0,
 1,
 0,
 0,
 0,
 0,
 0,
 0,
 1,
 1,
 0,
 0,
 1,
 0,
 0,
 1,
 0,
 0,
 0,
 0,
 0,
 0,
 0,
 0,
 0,
 0,
 0,
 0,
 0,
 0,
 0,
 0,
 0]
```

3rd best result :4.9732323640978664e+86
[1,
 1,
 0,
 1,
 1,
 0,
 1,
 1,
 1,
 1,
 0,
 1,
 0,
 1,
 1,
 1,
 1,
 1,
 0,
 1,
 0,
 1,
 1,
 1,
 0,
 0,
 0,
 1,
 0,
 0,
 1,
 1,
 0,
 1,
 1,
 1,
 1,
 1,
 1,
 1,
 1,
 1,
 0,
 1,
 1,
 0,
 0,
 1,
 1,
 1,
 1,
 0,
 0,
 1,
 0,
 0,
 0,
 0,
 0,
 0,
 0,
 1,
 1,
 1,
 1,
 1,
 1,
 0,
 1,
 0,
 1,
 0,
 0,
 0,
 0,
 0,
 0,
 0,
 0,
 0,
 1,
 0,
 0,
 0,
 0,
 0,
 0,
 0,
 0,
 0,
 0,
 0,
 0,
 0,
 0,
 0,
 0,
 0,
 0,
 0]

